{"nbformat":4,"nbformat_minor":0,"metadata":{"colab":{"provenance":[],"authorship_tag":"ABX9TyO03KbCBAJzdeFqZ/h4ckeV"},"kernelspec":{"name":"python3","display_name":"Python 3"},"language_info":{"name":"python"}},"cells":[{"cell_type":"code","source":["import numpy as np\n","A=np.array([[1,2],[3,4]])\n","B=np.array([[5,6],[6,7]])\n","A@B"],"metadata":{"colab":{"base_uri":"https://localhost:8080/"},"id":"eeGdCh8PpdYU","executionInfo":{"status":"ok","timestamp":1770175163127,"user_tz":-330,"elapsed":17,"user":{"displayName":"Hari R Gowda","userId":"06738693405977550456"}},"outputId":"a2d146f2-12e4-4922-c88e-eca20c54a109"},"execution_count":2,"outputs":[{"output_type":"execute_result","data":{"text/plain":["array([[17, 20],\n","       [39, 46]])"]},"metadata":{},"execution_count":2}]},{"cell_type":"code","source":["import numpy as np\n","A=np.array([[1,2],[3,4]])\n","transposed=A.T\n","transposed=np.transpose(A)\n","print(transposed)"],"metadata":{"colab":{"base_uri":"https://localhost:8080/"},"id":"Gy0Ei6v9qX0s","executionInfo":{"status":"ok","timestamp":1770175301992,"user_tz":-330,"elapsed":21,"user":{"displayName":"Hari R Gowda","userId":"06738693405977550456"}},"outputId":"5c231688-26ee-478e-a334-07818e3258d2"},"execution_count":4,"outputs":[{"output_type":"stream","name":"stdout","text":["[[1 3]\n"," [2 4]]\n"]}]},{"cell_type":"code","source":["import numpy as np\n","A=np.array([[1,2],[3,4]])\n","B=np.array([[5,6],[7,8]])\n","result=A*B\n","print(result)"],"metadata":{"colab":{"base_uri":"https://localhost:8080/"},"id":"SV8PDqL9rH7h","executionInfo":{"status":"ok","timestamp":1770175430592,"user_tz":-330,"elapsed":24,"user":{"displayName":"Hari R Gowda","userId":"06738693405977550456"}},"outputId":"1f5ea9e1-71a7-423e-f59c-d21e5203f1f4"},"execution_count":7,"outputs":[{"output_type":"stream","name":"stdout","text":["[[ 5 12]\n"," [21 32]]\n"]}]},{"cell_type":"code","source":["import numpy as np\n","A=np.array([[1,2],[3,4]])\n","det=np.linalg.det(A)\n","print(det)"],"metadata":{"colab":{"base_uri":"https://localhost:8080/"},"id":"_TY8hSENrjxA","executionInfo":{"status":"ok","timestamp":1770175807886,"user_tz":-330,"elapsed":16,"user":{"displayName":"Hari R Gowda","userId":"06738693405977550456"}},"outputId":"9c3870ae-64c8-4e3b-e9a5-189ffa412c3b"},"execution_count":15,"outputs":[{"output_type":"stream","name":"stdout","text":["-2.0000000000000004\n"]}]},{"cell_type":"code","source":["import numpy as np\n","A=np.array([[1,2],[3,4]])\n","inverse=np.linalg.inv(A)\n","print(inverse)"],"metadata":{"colab":{"base_uri":"https://localhost:8080/"},"id":"IdTkJpqbr_Sy","executionInfo":{"status":"ok","timestamp":1770175857986,"user_tz":-330,"elapsed":26,"user":{"displayName":"Hari R Gowda","userId":"06738693405977550456"}},"outputId":"dc7f768e-9c42-4526-bc7d-df0f82c382f6"},"execution_count":17,"outputs":[{"output_type":"stream","name":"stdout","text":["[[-2.   1. ]\n"," [ 1.5 -0.5]]\n"]}]},{"cell_type":"code","source":["import numpy as np\n","A=np.array([[1,2],[3,4]])\n","rank=np.linalg.matrix_rank(A)\n","print(rank)"],"metadata":{"colab":{"base_uri":"https://localhost:8080/"},"id":"XPU1I_HAtHZY","executionInfo":{"status":"ok","timestamp":1770176250009,"user_tz":-330,"elapsed":45,"user":{"displayName":"Hari R Gowda","userId":"06738693405977550456"}},"outputId":"85c5874e-e284-4de0-d009-1ac008f4d35d"},"execution_count":20,"outputs":[{"output_type":"stream","name":"stdout","text":["2\n"]}]},{"cell_type":"code","source":["import numpy as np\n","A=np.array([[1,2],[3,4]])\n","eginvalues,eginvectors=np.linalg.eig(A)\n","print(eginvalues)\n","print(eginvectors)\n"],"metadata":{"colab":{"base_uri":"https://localhost:8080/"},"id":"oLoGoF5ruQ6u","executionInfo":{"status":"ok","timestamp":1770176661766,"user_tz":-330,"elapsed":48,"user":{"displayName":"Hari R Gowda","userId":"06738693405977550456"}},"outputId":"178fccf8-a3a0-427a-931c-b3ccd00d1b30"},"execution_count":21,"outputs":[{"output_type":"stream","name":"stdout","text":["[-0.37228132  5.37228132]\n","[[-0.82456484 -0.41597356]\n"," [ 0.56576746 -0.90937671]]\n"]}]},{"cell_type":"code","source":["import numpy as np\n","A=np.array([[1,2],[3,4]])\n","B=np.array([[5,6],[7,8]])\n","solve=np.linalg.solve(A,B)\n","print(solve)\n"],"metadata":{"colab":{"base_uri":"https://localhost:8080/"},"id":"nFGVn9ZrwJrr","executionInfo":{"status":"ok","timestamp":1770176776951,"user_tz":-330,"elapsed":29,"user":{"displayName":"Hari R Gowda","userId":"06738693405977550456"}},"outputId":"98e6c4f1-f54f-4aaf-b949-dc1bd49a5eaf"},"execution_count":23,"outputs":[{"output_type":"stream","name":"stdout","text":["[[-3. -4.]\n"," [ 4.  5.]]\n"]}]},{"cell_type":"code","source":["import numpy as np\n","\n","A = np.random.randint(1, 100, size=(5, 5))\n","B = np.random.randint(1, 100, size=(5, 5))\n","\n","print(\"Matrix A:\\n\", A)\n","print(\"\\nMatrix B:\\n\", B)\n","\n","dotpro = A @ B\n","print(\"\\n Dot Product:\\n\", dotpro)\n","\n","Trans = A.T\n","print(\"\\n Transpose of A :\\n\", Trans)\n","\n","multi = A * B\n","print(\"\\n Multiplication (A * B):\\n\", multi)\n","\n","det_A = np.linalg.det(A)\n","print(\"\\n Determinant of A :\", det_A)\n","\n","if det_A != 0:\n","    A_inv = np.linalg.inv(A)\n","    print(\"\\n Inverse of A \\n\", A_inv)\n","else:\n","    print(\"\\n Inverse of A: Determinant is zero, inverse does not exist.\")\n","\n","rank_A = np.linalg.matrix_rank(A)\n","print(\"\\n Rank of A :\", rank_A)\n","\n","\n"],"metadata":{"colab":{"base_uri":"https://localhost:8080/"},"id":"_fmp9cZjw-td","executionInfo":{"status":"ok","timestamp":1770177312132,"user_tz":-330,"elapsed":29,"user":{"displayName":"Hari R Gowda","userId":"06738693405977550456"}},"outputId":"5e62e654-bad2-4c7e-9bb9-6fa9d274b45b"},"execution_count":28,"outputs":[{"output_type":"stream","name":"stdout","text":["Matrix A:\n"," [[ 5 89 24 42 96]\n"," [57  9 36 13 15]\n"," [26 44 66 43 12]\n"," [14 67 17 73 72]\n"," [56 60  2 22 45]]\n","\n","Matrix B:\n"," [[43 95 16 77 13]\n"," [24 36 61 23  7]\n"," [58 27 17 87 50]\n"," [ 2 92  1 20 21]\n"," [15 11 72 83  8]]\n","\n"," Dot Product:\n"," [[ 5267  9247 12871 13328  3538]\n"," [ 5006  8072  3166  9233  2997]\n"," [ 6268  9924  5129 10612  4945]\n"," [ 4422 11709  9857 11534  3610]\n"," [ 4683 10053  7852 10041  2070]]\n","\n"," Transpose of A :\n"," [[ 5 57 26 14 56]\n"," [89  9 44 67 60]\n"," [24 36 66 17  2]\n"," [42 13 43 73 22]\n"," [96 15 12 72 45]]\n","\n"," Multiplication (A * B):\n"," [[ 215 8455  384 3234 1248]\n"," [1368  324 2196  299  105]\n"," [1508 1188 1122 3741  600]\n"," [  28 6164   17 1460 1512]\n"," [ 840  660  144 1826  360]]\n","\n"," Determinant of A : 575054621.9999999\n","\n"," Inverse of A \n"," [[-0.00657973  0.01016779 -0.00378609  0.00133632  0.00951901]\n"," [ 0.00077019 -0.02452683  0.01539757 -0.01134863  0.02058433]\n"," [ 0.0099781   0.0099756   0.0087323  -0.00877149 -0.01290604]\n"," [-0.01621138 -0.00212319  0.00105278  0.02362334 -0.00278607]\n"," [ 0.01464329  0.02064384 -0.0167213   0.00230919 -0.01513376]]\n","\n"," Rank of A : 5\n"]}]},{"cell_type":"code","source":["eigenvalues, eigenvectors = np.linalg.eig(A)\n","print(\"\\n Eigenvalues of A :\\n\", eigenvalues)\n","print(\"\\nEigenvectors of A :\\n\", eigenvectors)\n"],"metadata":{"colab":{"base_uri":"https://localhost:8080/"},"id":"w0TLRIDEykXO","executionInfo":{"status":"ok","timestamp":1770180361069,"user_tz":-330,"elapsed":19,"user":{"displayName":"Hari R Gowda","userId":"06738693405977550456"}},"outputId":"a5b04c90-a05c-45d5-b772-ec384474ba28"},"execution_count":40,"outputs":[{"output_type":"stream","name":"stdout","text":["\n"," Eigenvalues of A :\n"," [194.81198526+0.j         -65.11858222+0.j\n","  44.93097498+9.17490105j  44.93097498-9.17490105j\n"," -21.55535301+0.j        ]\n","\n","Eigenvectors of A :\n"," [[-0.52297914+0.j         -0.75197541+0.j         -0.09744978-0.06270091j\n","  -0.09744978+0.06270091j  0.0721923 +0.j        ]\n"," [-0.31306869+0.j          0.58771219+0.j          0.26044322-0.09065169j\n","   0.26044322+0.09065169j -0.74927798+0.j        ]\n"," [-0.42747936+0.j          0.03086783+0.j          0.71451889+0.j\n","   0.71451889-0.j          0.26572192+0.j        ]\n"," [-0.53109532+0.j         -0.27325435+0.j         -0.49071623+0.30704008j\n","  -0.49071623-0.30704008j  0.01395866+0.j        ]\n"," [-0.40457383+0.j          0.11621791+0.j         -0.2399355 -0.08568212j\n","  -0.2399355 +0.08568212j  0.60213603+0.j        ]]\n"]}]}]}